1742
3284
5603
5602
5604
5605
2878
1601
2894
1546
4885
4108
1205
7781
2149
2796
5411
3279
1219
7107
2331
2785
1481
2783
2473
2740
463
1849
1653
1845
10080
6831
2639
1536
459
2268
2848
1320
2929
1781
9162
9163
9164
2616
2136
1826
2624
1913
5042
1749
3643
2772
2131
2708
567
573
3327
1704
1951
2852
2414
482
354
357
310
1962
2662
2663
2032
2911
10288
2877
1769
1770
3561
6403
6402
2961
1304
2990
1323
2619
1252
2536
2803
1375
1202
588
2906
9283
1756
3105
3450
2836
3061
2116
3315
2412
2571
3987
1794
1639
1640
2856
1765
1766
1767
1768
3903
17219
3020
2931
1741
504
371
1944
7174
1294
1757
2757
48556
2459
4308
1802
1648
2137
5412
3288
2324
5984
3201
455
6253
2422
1724
40843
40842
40841
1468
1471
3145
2955
1837
2890
2807
3022
1851
4379
3773
1686
551
3645
772
5420
3458
2870
1679
1857
3282
1908
8132
6104
2345
2365
1415
1255
579
1655
1656
2562
1266
1254
1256
1702
3298
2753
5426
2960
6072
1945
3046
1941
11112
2362
1844
242
2234
6073
3287
2496
3041
5419
1263
1489
32636
2287
436
1227
2151
1821
4099
1795
1780
4098
1878
1292
3053
1265
2445
1325
2651
3610
2858
2896
2553
2181
1273
2707
2211
1740
3286
1804
3289
1865
309
2912
2051
2109
2650
5135
1342
1822
2950
2797
2867
2969
16309
2782
2834
2835
1876
6066
2674
2769
26487
26489
2666
1948
589
26261
26260
10103
2792
1915
1561
3873
2689
3353
7437
2344
5745
5746
5504
5503
3293
3294
3401
24242
3350
4682
1689
2615
2510
9374
1848
3067
9396
2749
2748
2750
2751
2747
1873
2509
2946
1874
24677
2359
5407
5408
1746
1747
2429
1657
1787
1786
2358
2849
19539
2732
1738
2626
1590
3381
3862
2833
1774
6109
2519
41
2458
1850
488
2421
2643
9321
2778
1238
2245
1816
5094
375
263
14936
14937
1281
35000
1789
12172
2575
6790
2744
1803
2985
5403
5404
19411
19410
19412
2715
1877
4827
4180
1577
2141
2139
2140
6998
6999
1726
1586
1260
2572
8733
1604
1344
6850
25009
25002
25003
25004
25005
25006
25007
25008
5813
3130
2337
1725
549
2590
2966
3797
2995
1284
2801
27345
11319
1710
3164
2932
2970
2127
8131
8130
2454
3345
2233
2319
2854
18881
2793
1490
1602
495
16991
2633
2652
3060
3548
3202
1907
503
1585
1579
2549
576
2963
2962
43190
1245
1642
1643
3501
147
3589
2853
1609
3084
1828
4348
1573
1275
2982
2866
2166
13160
1623
2506
2508
2406
1706
2808
1567
6961
6962
4114
3042
3470
3471
1289
2822
2213
2656
287
1649
1773
2424
398
2840
2842
2370
2841
2560
1485
1682
4042
245
2611
1968
1555
2795
2814
5355
2813
2282
2281
2285
2284
2283
1487
2125
2541
2540
1298
2620
3069
2559
4181
2535
1593
8910
8911
2587
1899
1820
8763
2698
5418
24005
24001
24002
3594
24000
24006
24004
24003
1231
2117
2118
6070
1897
2511
1824
349
3070
490
1534
7979
1581
8033
7786
1815
2926
471
8665
367
1235
2561
2579
2952
9344
9397
1952
2685
2681
2686
2684
679
1731
1582
3535
5720
1478
1477
2460
2469
19398
2743
1574
467
2981
1831
1685
167
2236
2286
1288
2162
2683
2397
405
1744
1591
6064
43189
2883
2881
3262
1285
8834
489
2450
5771
2442
3066
3701
2451
1329
2061
1841
1842
1843
5465
2983
61440
61439
61441
2592
4138
1286
1665
1669
2671
2360
1690
2672
2556
25902
25901
25903
2503
2839
1921
1917
8450
159
1463
5991
2329
650
183
3305
2498
2322
506
2364
2661
3244
2267
5314
6653
8764
2368
3855
22001
1748
1754
1575
1809
2398
1570
1597
2407
2413
6951
2936
2951
5310
2953
2954
2956
3955
5236
7511
9996
9997
1633
8160
1564
1246
3892
3085
1562
2566
3033
2843
1230
6432
1779
1280
321
2865
5272
1293
3285
3469
5436
5437
2937
3875
494
2899
1777
5071
2687
2924
2588
1678
8183
1732
2091
2355
3662
2352
1788
2354
2353
2351
2694
2434
3009
2680
1253
2462
2461
368
2765
3385
2724
3059
2935
1341
2900
1595
2872
1530
9753
3467
2321
1343
2240
2928
2543
2837
283
2886
3163
3147
521
1817
2818
2959
3844
2423
9599
2919
1696
1695
1693
1697
1647
1793
2390
3698
3275
1646
3744
3391
5427
5025
5024
3562
2385
1681
2308
558
2471
5399
169
6108
2235
3169
3170
3171
3173
3172
1714
3326
153
160
3595
1626
498
2974
5461
2829
2830
2831
2832
1599
2756
3687
2676
2545
1660
1618
1705
1225
3065
1966
4412
4116
426
2613
2938
2939
2940
2941
2942
2775
11201
3536
1553
22000
2333
1684
2452
2892
2533
3379
1621
2636
2653
3193
1923
2507
478
477
6071
3644
1692
2838
1654
1836
1226
2986
4178
566
3354
7967
2709
5453
1625
1751
6963
6964
6966
6965
1866
19540
4548
6102
4106
2647
1274
4014
1838
6149
2726
1922
3144
1610
559
1946
5428
1728
7491
1758
5104
2361
3081
3082
3083
2798
476
2669
2885
594
20670
2642
1869
6069
1588
8804
2742
2741
1237
2489
1568
2943
2768
2767
2879
1867
390
483
1737
1797
2110
2138
2437
2499
2927
1978
2820
1957
3356
2648
2745
431
430
671
4837
4838
4839
1771
575
3270
2770
78
3802
3058
1853
4344
1868
175
3321
2538
3625
1345
1224
2649
1589
2893
2996
312
2695
7779
13882
2546
2548
2547
2455
1269
1739
3748
2851
1963
21845
3342
4984
565
2781
1890
2518
1326
1727
3926
7395
4871
2720
2504
3466
3378
2923
2396
5413
1760
2130
6558
2327
3412
2279
1716
1619
3721
508
3832
317
3774
2133
3091
15998
3428
3446
1181
5264
5265
2339
48049
15363
5781
5785
5782
5783
2934
2933
23294
9953
4149
3125
3597
3598
4598
4597
4502
4726
28119
3618
3619
3781
1955
62
2259
8793
4030
32483
18463
4046
6868
12008
12007
2334
2475
2476
5540
4013
6801
7509
5103
5106
3655
9389
3431
2859
2810
3096
2085
2521
7170
6769
2692
3704
3705
3954
3357
3760
5073
3573
2295
4431
4549
23456
23457
3224
7775
4362
3917
4878
3026
3021
3316
2786
17555
2846
9216
3833
3416
2887
4804
3613
2668
2667
3234
6627
9955
9956
36001
693
9209
3265
7799
4011
35355
4563
8301
5506
1931
4394
4391
4392
4393
5192
30003
30004
2640
376
8040
5671
3054
2646
3715
1206
2247
3939
5072
4851
5454
5455
5456
6549
7845
7846
9951
9952
18888
6082
539
3184
8122
2754
8121
2759
10252
2758
4573
3238
3237
3236
3239
38203
4674
10548
3454
203
207
208
387
2336
4488
187
3312
1447
2037
4849
5086
7847
3758
1557
4165
1115
1834
23546
384
11321
2582
2581
6344
2114
421
7570
3140
8423
3426
9294
9295
3174
9292
3176
27782
3518
7166
386
3451
3864/sctp
13702
5150
3581
4448
4077
2192
11489
5727
4400
4403
4402
4406
4404
4405
45000
3087
7235
4704
4485
27876
1171
1170
20999
3617
4154
11367
1520
4937
3821
2317
32896
2419
7543
2264
44600
1146
33123
5067
3437
3104
4071
5913
16003
7508
1140
4685
31020
10990
3965
2050
2992
20057
4413
2238
2066
3502
3277
35100
10260
2071
3512
2204
6696
2169
2635
152
3387
4971
6122
6505
6506
10439
4324
1929
1120
4155
6507
6508
3124
1943
5585
5584
3408
3960
4305
5424
5425
3785
4784
4675
4676
6784
4621
5429
24577
3411
6946
25954
25955
5068
4027
13216
13823
5750
2574
8195
48129
2625
2494
6301
3695
10129
6300
3604
2059
3181
1313
3182
6767
6768
10128
4568
1896
3344
9750
6501
7687
4914
7648
2913
2017
4678
2218
4186
2844
2845
3593
4102
4103
4104
2155
5682
3692
9380
3043
3188
4175
2277
2444
1961
1854
2446
3966
47808
28589
2965
2964
4671
581
4677
6404
6405
6406
6407
6408
6409
6410
3107
4990
3626
10880
5154
5248
5249
8026
282
348
595
7161
1554
7163
1563
4326
2318
42509
1882
5251
14414
3709
22537
2552
3675
7262
3545
1734
4378
5079
4377
24676
3583
1872
8611
8612
8613
8614
3756
8609
8610
8998
4728
3290
5246
5247
3106
9060
1197
5270
7167
7162
7129
2122
12168
3750
3157
3114
4969
4970
3559
3616
3056
4115
4140
4074
2922
2921
3893
2182
5064
5065
3772
531
562
5505
18185
18242
18243
18241
3349
1892
1891
1572
3099
4314
4316
1377
3770
2891
1743
5194
3887
7546
5784
43441
4785
4051
15555
131
6633
5787
22305
4870
2513
2512
7279
2897
24754
7228
7229
4980
1729
172
9087
4137
4136
3481
2052
7683
6690
6687
6688
3730
2617
356
45514
7550
3384
164
8501
7168
2976
3575
3576
26257
2183
2415
3039
44444
3779
3377
7574
7689
4419
3490
2534
3605
3751
4450
20003
7215
64
22343
3256
3257
2555
2417
3822
42508
10321
7023
2491
6970
47100
3947
16384
46998
3973
7169
3417
3191
4692
5683
5992
4846
9695
4047
3072
7563
7551
17222
2153
4774
4078
2565
3183
9093
19220
2654
4053
4054
4055
3609
2823
2824
3366
3364
38002
41796
41797
3818
8378
8379
8376
8377
8380
2314
3113
4187
2129
3004
2699
3271
105
3630
3631
7022
9346
4452
2563
4451
1932
3127
5271
3778
4673
4183
9888
8442
1898
3297
3120
9387
9388
2297
2298
3393
3394
5777
8732
3498
3881
2594
29999
1133
3678
2764
1775
2229
11109
3578
461
2073
6625
6624
6117
3938
1160
3988
11202
365
7569
3668
5700
1278
3714
8415
3444
2092
4167
2763
8805
24850
3776
4330
8750
6785
546
547
3252
4301
2098
2860
2861
33331
3228
3227
2761
2762
33333
2226
1335
3223
2227
2464
4605
5031
3447
197
198
3337
3335
3336
3448
7171
14002
5107
246
21212
19999
3624
1177
4059
3574
3199
5993
1172
195
5352
3161
4142
7165
5567
3567
8567
3568
6088
13400
44544
3522
6325
6320
6326
5245
5719
7020
7021
8913
1930
4427
2193
3685
7547
2420
13822
13818
13821
13820
13819
4060
9987
31685
13929
5684
4556
3489
4028
4191
3247
3246
2874
3395
2164
3295
3932
3328
2168
45678
3711
17729
6160
3524
3477
2263
6702
6703
8149
34567
3123
3463
3460
3465
3464
3461
3462
6159
3671
3392
6632
2228
3638
3525
1893
1378
4346
3564
5398
12010
6515
4370
2917
2916
7707
7700
2526
394
3198
3197
9083
3218
3682
11723
11623
3693
6656
140
4092
4091
6321
6322
3585
23333
20480
17754
121
7117
7962
1295
3044
1818
3665
5601
5600
5599
3383
5085
5084
37601
3819
4669
4666
3259
5116
3620
3628
43439
4940
4941
4942
3727
3679
9617
3629
4023
8417
8416
1772
6107
2379
2380
34980
44818
2221
6316
2036
6935
1267
592
1504
4535
4536
9981
1798
1982
1926
43440
3759
5401
5075
1928
2755
4309
3639
3134
3088
4788
3953
4085
10102
38472
4353
2514
2515
38202
10081
2495
3047
347
6417
4038
2819
3225
4727
4320
36524
1776
3152
14250
3216
4122
4915
6715
16020
16021
7394
4349
7164
1887
24922
1784
1856
1855
3729
3192
8044
8043
4086
2673
7018
5618
1193
3035
2884
5579
27004
27006
27008
7544
7545
4901
4396
2242
4084
4411
41111
7244
5556
7726
4130
9217
3488
8502
574
2975
3648
1902
1904
3382
1514
3272
3402
286
2731
4110
2677
2678
8074
4340
8881
38201
3051
2914
31765
1859
1421
8322
3222
3762
3484
14145
2660
3429
2159
4730
7283
7017
8190
6081
23053
4790
6080
3475
3108
4985
10800
5688
1880
3229
3912
4131
9123
9122
1909
2072
5687
16002
37483
2217
3386
2947
9277
5117
4026
3757
6268
6269
6267
30400
3136
3761
4729
1452
2123
2152
3436
35356
2186
18262
3745
2356
2979
3179
2517
11720
5304
3542
5305
5315
3036
3769
3623
6791
9954
11108
4197
3804
7630
2641
1161
3740
10860
4306
3921
22370
7397
4148
2467
4117
4884
3250
3634
2597
10125
1985
2029
3449
5316
3612
3329
5317
5565
7738
2208
2690
2206
7510
3209
381
382
3101
2448
2209
3037
4484
2207
5227
5224
5228
4592
4591
2113
2570
5628
44323
8313
5105
2374
5674
4169
9614
3898
4596
4595
4594
3494
385
3267
3538
3539
12004
12003
3666
3667
9088
9089
1934
1933
424
9085
1919
1920
3661
3660
2078
1881
2275
2276
31949
31948
4064
4063
4062
4061
14142
14143
2063
4802
4801
2799
4553
5741
5742
25604
4604
4152
2079
2404
19998
17221
17220
3420
5165
19000
3186
2055
3596
2239
48128
585
8615
11320
3657
3783
4139
2637
7674
7672
7673
7675
244
3139
3156
5069
8067
5029
2480
1428
4067
38000
38001
134
5597
3560
2716
23000
23001
23002
23003
23004
23005
215
49150
4109
2980
7624
5056
5057
484
4486
9215
17234
4746
7128
1673
1674
16994
16995
24386
3508
4569
7202
1611
6714
3699
1884
4744
6697
2202
11751
8020
3614
45054
5728
7410
2088
3743
2215
9214
4737
20202
4068
4739
4740
33435
7031
4791
4593
2527
18769
32034
4073
529
2632
3206
3504
21000
17223
4075
5047
8148
3226
1949
1950
3205
499
24321
3775
1637
1636
7280
7478
3719
2828
3258
4880
5049
5673
1578
8091
3627
5034
7181
3472
3473
3794
7095
2205
5883
4327
5230
3528
3529
19541
4107
6241
6242
6243
6244
1810
1936
2097
1940
1939
1938
1937
3777
3093
3094
4160
19020
8901
3214
3215
6583
27442
4166
3155
5309
3642
26263
26262
31016
4661
2918
36865
3112
2502
6621
6620
6623
5696
584
4566
30260
186
35354
7697
5253
2294
27504
40023
4331
3361
3360
4371
9747
4432
4372
2395
1764
4547
3970
11796
4347
3815
3739
3373
2780
2815
2779
2816
3407
2212
374
11430
1886
1203
3029
3027
3028
7365
4670
517
8191
12300
10809
1969
4341
10933
46336
3767
2146
2147
2143
2145
3278
8206
8205
31620
8204
8207
8208
6200
2466
2465
2090
6087
5062
1903
3592
3591
4044
5058
5254
6482
8101
1634
1628
1629
2289
1983
4081
4082
4083
8162
3068
10805
4741
4913
3079
6471
5044
3746
3747
4894
36443
3565
36444
44900
4345
2453
3691
313
4902
2243
5092
2864
2516
2544
6201
9255
269
4686
36700
8384
5282
3836
7073
49000
7421
4458
4360
3276
4171
4179
2591
4153
3570
3558
3330
3302
3332
3331
3116
3117
3115
5598
3235
2688
3232
13930
2789
46999
2363
2727
2427
3445
5157
7720
2272
2945
2944
3571
4883
3569
11211
4552
4151
4603
9596
1960
19788
47000
8786
18
8787
2311
393
6360
6370
6390
2230
6382
2266
6509
4680
4679
5022
2176
5359
3132
2175
6075
6076
5725
5364
5726
6074
5356
1512
6601
5362
7014
7013
3008
4551
2621
3180
2180
9445
7391
21554
4069
5136
7606
4310
8077
4667
4173
4668
5237
3764
2593
7869
9632
7871
4688
3732
6997
4986
1576
8666
4691
10542
10540
10541
10543
10544
2488
3924
8503
6634
46
3358
3958
7392
3343
2174
2173
2172
2171
4554
2871
2855
3122
8115
2791
2305
7742
5354
6622
9903
7420
4421
32801
3733
9119
2388
33060
2273
6446
7282
9285
9286
6363
3950
1790
3015
2343
3753
2895
4361
6317
3159
2163
20034
2094
2093
1888
5979
4842
4844
2528
2738
3024
378
377
2730
4043
3886
7474
3213
3507
11095
3829
11105
11104
13785
1614
1613
1616
1612
4441
3131
4409
2971
1676
5681
4334
4335
6513
4350
5229
3725
2220
10113
10117
2735
2219
10114
10116
218
1406
3151
3150
3148
3149
6841
6842
2485
2486
1970
3640
3641
3129
2328
4425
155
154
395
21848
21847
21849
21846
2128
3440
5421
1879
6778
6777
4127
2788
2411
3195
3196
537
1155
20049
171
7549
3409
8981
4703
2293
170
4159
16368
16360
16367
16361
3204
3203
2586
4701
4702
2585
2614
6133
3165
2076
2075
2058
550
8457
178
4021
7393
20048
38412
4134
61
48000
48004
48005
48003
48002
48001
1617
6420
6421
3649
2252
5299
1242
10110
10111
2817
2244
2210
4088
5627
3405
3406
5209
15126
2338
4803
4663
5215
21010
3016
23401
23400
23402
2645
396
7724
2868
36424
3266
359
4453
5415
45001
10810
8711
4128
49001
3780
2184
4420
126
28000
1894
7030
36602
29167
3441
3442
18186
2697
429
3523
13706
11172
11174
11175
3320
4732
9966
2077
4359
7276
7277
7274
7275
3338
3341
3339
3340
5402
2056
4395
4162
4429
4428
2185
2198
2199
2428
4304
9993
9994
3154
314
3100
4843
3434
4089
20014
3187
9007
9008
4743
5768
5755
5766
5767
5729
5757
1258
8688
5045
8004
7728
35357
9390
7427
7428
7431
7426
7429
7430
3673
2447
30999
2389
6640
7629
2400
5724
3433
19191
3303
3976
3977
2237
1829
2524
22002
22003
22004
22005
3718
5575
5155
2481
2482
8102
8997
1630
1830
1571
3891
2483
2484
8070
3076
3075
3078
3355
3274
11103
40853
3034
6679
6671
4311
31400
1675
2246
3435
7237
30002
6657
3095
8276
7680
3348
7216
4989
4312
4681
6582
6581
586
3735
1333
4189
6162
2664
2665
8161
4097
8128
8129
2256
1332
4172
5172
5350
5351
44321
44322
6655
8444
2299
2274
3253
9597
4012
3254
6086
1980
7880
5443
3135
5112
2178
4747
3587
9278
9279
3582
6817
9631
9630
345
4066
5312
4313
1916
281
3557
3109
2441
2520
3208
2350
6124
3347
3177
4868
4869
468
4390
2787
1603
15740
3010
3189
5078
4416
2634
5318
318
9318
5863
5586
1819
4659
3933
3934
4351
32400
2790
188
6355
7633
2972
34378
34379
3540
16311
16310
2487
3055
6770
6771
7787
6464
9889
3710
7172
4150
2443
5507
13223
13224
5134
28001
1587
4456
4455
5630
3607
2315
6163
9280
4690
47809
6716
3910
1392
10631
4168
2618
3133
3650
2039
2722
3248
1778
1283
4182
8032
4749
34964
34963
34962
15999
4352
7797
7798
7663
9640
5715
5716
1460
344
409
4487
5360
2303
4457
3453
597
319
320
4329
6140
8117
7997
7747
4093
3951
4951
4193
7794
3543
2468
2490
2523
6209
5689
2612
45825
5082
5083
9222
4354
2497
5464
10055
8153
2589
7040
5677
3843
3566
3554
3166
7980
5028
4841
2177
5676
5430
3178
1596
469
1813
18104
2188
2736
2408
21553
9345
1953
2457
4037
3533
2713
2714
2167
6099
2773
2774
3768
2332
3142
5569
2214
532
35004
35003
35006
35005
35002
35001
44553
1942
32811
3736
3706
3707
5313
43191
3553
45002
2349
2347
2348
2346
5786
3032
3572
7227
10253
18634
18635
16385
16665
6084
2373
12302
3974
45045
4373
4731
5231
3789
8184
5
3537
3418
1232
107
3422
2999
30100
4733
2225
39
3019
323
324
4336
4756
12109
1431
5842
8230
4684
4410
3296
6148
2057
2776
2777
4590
4664
7473
2249
7870
7810
9208
2416
25471
5693
8270
48653
4041
3194
2223
8051
4124
2258
520
3677
2377
6568
10201
3864
2752
13217
1698
3455
363
6900
3500
3137
3138
3771
7401
8554
5156
2578
23272
3153
2760
3452
4952
14033
14034
7743
9801
5409
5422
5410
1606
30832
20013
20012
9402
9401
4033
3038
4079
1129
7542
5573
5574
3755
1644
3942
25576
3352
2719
3499
5435
7701
37475
7708
19007
3838
5307
2577
266
3927
5167
5168
9899
5343
6315
2384
2310
2705
2309
2342
7784
3143
6629
3978
3432
3782
32635
5361
2189
7801
3550
1905
3480
9023
9024
9025
9026
38865
2089
3495
3496
2478
2477
2479
2254
3255
3090
8053
8057
8058
8059
8054
8055
8056
9450
5093
3588
2316
5099
4076
13711
8351
45824
5445
9213
9212
2367
4787
2603
6489
6480
6443
6487
6485
6486
6484
6488
21221
24666
4057
5568
3242
4546
6343
5635
5636
5634
6445
6444
5434
11106
5163
4366
43210
3841
1257
4105
5043
22335
4742
2320
28240
3048
5032
4936
2733
2904
2905
1659
4163
2857
4753
1959
3635
3896
3273
16950
7626
4752
5794
4751
3688
4303
4750
2278
2257
40404
1733
3110
5059
166
2630
2629
3611
3874
6455
6456
3556
2827
2826
36423
1847
4408
4988
3516
1608
2721
4786
4426
3158
9522
7734
4170
2703
2704
2599
7560
33656
10161
10162
5162
5161
2658
5417
3380
2657
5416
2409
2659
1967
580
5146
4882
9281
9282
3884
4538
3230
6551
16162
17777
2132
4738
1964
2863
2569
2290
7982
17185
2568
6121
2440
3835
3834
3413
33334
7016
9312
9306
4683
3438
3647
3606
7981
1759
2876
3807
156
2737
38800
3018
17235
45966
2154
3615
7471
3249
4156
4157
6144
8808
1312
527
8778
5705
5026
5027
9293
11173
9612
7411
5397
3854
5349
3478
247
16959
7677
4850
3708
11164
11162
11163
11161
11165
2084
6786
7588
3816
5306
1870
1860
3866
3867
6483
6787
8989
8405
8404
11171
1925
9536
3212
243
3185
6419
3318
3491
3894
3895
4950
3723
5115
5637
5638
5639
3547
5629
8555
26133
8280
8243
2880
5008
4953
2679
3734
6418
6514
3241
4094
3251
5406
2609
10104
1627
32249
3175
2392
4015
4017
4018
4019
2493
2156
22763
7011
7012
7015
1450
2306
3579
5203
2470
2402
2403
25900
13712
13710
24680
2729
2576
1977
1814
3552
9668
6083
2060
3521
22800
22951
1380
3549
3696
11600
41121
3544
7631
31457
5048
3713
4146
5470
5472
5471
5474
6130
5195
5196
8140
7301
7302
7303
7304
7305
7306
7307
7308
7309
7310
7311
7312
7313
7314
7315
7316
7317
7318
7319
7321
7322
7323
7324
7327
7328
7329
7330
7331
7332
7333
7334
7335
7336
7337
7338
7339
7340
7341
7342
7343
7344
7346
7347
7348
7349
7350
7351
7352
7353
7354
7355
7356
7357
7358
7359
2296
4423
8321
8320
16789
3805
1832
7548
379
5450
7933
7932
10261
3243
3754
3160
3459
1965
2915
6252
13705
13717
13716
7872
5583
5582
20046
7903
7901
7902
3309
590
3308
2739
474
8066
20167
3040
24465
3885
5153
2158
22351
1906
33434
17225
17224
8937
6442
4176
6118
24322
3857
3858
2405
3959
3608
7727
10200
4322
4323
4711
9555
4070
3686
3346
4725
4307
3012
2573
13709
12753
4422
3474
2675
3468
2978
2977
2862
5463
5462
5197
1846
39681
34249
24678
3492
2670
21800
3791
27999
145
4034
3584
2542
1382
3720
372
13894
1910
8953
5281
1189
6306
3217
2696
4867
3313
3314
1889
2357
9629
1979
37654
7887
3098
1506
4184
2655
519
2537
3664
3534
433
19194
1142
2248
2529
4031
15118
5675
8034
3654
4188
2554
18668
2426
5646
2771
14154
3207
2821
4032
10107
14150
9284
10100
13786
14149
1885
2993
2994
3738
2610
1956
2074
3073
9598
9086
17184
6678
16666
3231
3245
3752
12012
12013
3555
4789
7802
8473
2386
1852
3509
3601
6673
6672
1631
24249
3676
5780
2474
4991
8182
8699
25793
1796
21590
4052
3541
3845
28200
5164
2530
4201
4202
4203
4204
4205
4207
4208
4209
4210
4211
4212
4213
4214
4215
4216
4217
4218
4219
4221
4222
4223
4225
4226
4227
4228
4229
4230
4231
4232
4233
4235
4236
4237
4238
4239
4240
4241
4244
4245
4246
4247
4248
4249
4250
4251
4253
4254
4255
4256
4257
4258
4259
4260
4261
4263
4264
4265
4266
4267
4268
4269
4270
4271
4272
4273
4274
4275
4276
4277
4278
4280
4281
4282
4283
4284
4285
4286
4287
4288
4289
4290
4291
4292
4293
4295
4296
4299
3883
2255
2410
3317
2387
2539
7566
3375
3786
13708
2216
3482
4145
8199
6626
2948
2949
9203
9201
9205
9204
9206
12322
12321
5743
5744
3563
5990
4368
9800
9802
4847
2054
8990
8991
2907
3702
5320
5321
3427
3111
48050
4177
3359
3233
63
22347
4050
4049
7236
11208
5748
5747
2231
8912
5363
47001
6602
534
1785
3674
5166
3861
36411
1338
3219
22289
22321
4845
4417
2595
2596
3724
2784
4185
6114
4879
5358
5006
5007
9762
4537
2805
3590
3716
3840
3633
3741
11877
11876
16619
5769
5770
4389
2165
3074
8041
6936
165
2157
6116
2341
5344
9092
3877
38422
3763
15345
3865
14500
3651
3722
3510
3646
4095
3424
3423
5793
36462
6011
6012
6013
6014
6016
6018
6019
6020
6022
6023
6024
6026
6027
6028
6029
6031
6032
6033
6034
6035
6036
6037
6038
6039
6040
6041
6042
6043
6044
6045
6046
6047
6048
6049
6053
6054
6056
6057
6058
6061
9925
9978
3726
31029
10050
10051
2989
4123
2102
5841
4072
17756
17755
1425
7088
3925
18136
5670
7173
41230
44123
1491
248
2016
370
542
284
439
1367
316
618
1508
1488
438
1542
151
473
479
432
535
414
17007
1361
472
174
1360
1532
434
435
1670
1671
1672
184
1473
1480
1449
662
496
752
1540
1541
43188
185
369
753
168
322
643
457
360
470
361
358
1543
460
420
596
572
150
2028
522
226
228
229
234
238
277
288
289
293
294
295
305
326
329
337
739
766
768
845
893
896
8
932
937
954
955
976
977
986
516
2019
775
1469
149
599
485
258
5193
116
124
6548
205
1411
364
15151
67
13721
142
3421
216
18187
130
1987
1993
132
2108
2766
451
452
528
217
570
552
48
96
352
1396
1440
141
1374
1423
744
27002
27003
27005
27007
27009
533
1371
1505
190
1453
19150
128
1383
5303
652
612
613
2564
383
781
1429
1430
480
1451
423
271
7326
148
910
17300
373
13718
2
5490
3984
351
6141
571
569
1482
1427
1464
742
1363
526
1458
773
1416
4133
428
1448
192
1395
583
767
564
5713
5717
5714
1459
191
408
7464
270
209
189
4672
72
1509
530
487
582
598
1502
4987
108
162
1408
614
1391
413
392
391
65
518
380
1407
1418
1419
267
13714
13715
1470
117
1457
1518
13701
1462
265
56
54
173
346
1538
1511
1544
415
120
2432
437
759
453
1472
763
355
1479
1456
403
466
315
848
176
418
224
404
1661
1662
1667
607
698
764
536
260
65301
645
1531
1368
2027
1437
712
1362
604
181
233
235
236
273
276
303
325
336
34
717
737
738
746
755
784
785
793
818
827
838
842
849
852
857
865
876
877
882
884
885
890
892
907
908
915
920
934
956
957
966
972
978
982
697
2431
1545
672
776
2023
699
774
7634
1483
204
202
206
688
422
626
1827
6142
1397
114
1422
486
1548
1432
6400
95
1442
6700
18181
18183
1386
1986
1994
1990
1529
619
462
410
93
196
853
8770
1438
1439
7006
1499
9051
747
1513
5302
5301
686
1409
1410
6111
1424
1376
200
887
261
1454
1355
1992
1537
399
3531
1763
6544
6146
2053
350
568
1510
6147
2627
44
31
29
397
5997
138
1493
1394
1393
1365
1528
308
4132
1446
16444
129
4144
136
601
71
73
74
38
1436
1426
608
7008
1549
115
193
118
362
133
6145
1390
871
1498
94
13713
493
412
401
3457
1398
1519
677
26208
177
58
1535
654
262
770
1373
1476
622
454
1467
675
644
680
681
694
692
1515
1412
213
637
1496
505
997
561
15
1664
1668
689
611
511
553
1497
2026
975
656
1003
1017
14
231
253
40
60
703
708
718
721
734
756
788
794
796
797
812
821
837
867
868
869
879
891
895
909
933
939
944
947
951
959
960
963
964
968
970
670
3141
5530
6588
35
1381
201
9106
9107
13720
3292
3264
18184
18182
1997
1995
1996
3397
1387
624
47557
854
704
1372
103
402
1369
1401
11371
1435
1405
2064
886
51
1379
1539
180
194
4500
994
6701
1762
685
1348
137
832
991
1650
1486
1466
723
1527
8123
1403
4480
751
628
2015
7009
799
560
633
97
1475
27665
69
182
14141
214
676
6143
9105
1354
632
673
507
640
491
661
1551
638
353
741
609
1552
2307
663
630
696
1474
658
1016
1018
16
230
249
28
300
334
343
719
724
735
736
745
791
813
816
819
820
826
836
841
850
851
855
866
870
872
875
881
883
906
919
927
929
936
938
941
945
948
962
988
2430
2024
1346
5191
1385
221
1399
1400
1523
1988
1991
450
1484
5232
1356
448
647
1389
5400
6347
5300
651
1404
6665
702
3086
1214
112
45
4557
5978
831
92
760
1388
1384
950
7273
4660
627
9104
1465
1402
1445
2120
7597
2014
1349
2018
50
5145
761
6401
1178
1651
8076
605
27374
268
492
3900
1370
1517
1358
1359
538
634
695
860
828
1663
861
771
440
122
501
10
12
237
727
733
798
804
807
814
824
835
889
894
897
899
916
923
946
949
952
958
974
984
985
577
682
1652
629
104
75
664
449
68
707
649
847
76
4199
1139
510
27010
989
101
6110
603
615
750
3398
1680
91
833
1364
1366
3049
9991
716
158
653
3045
3064
620
665
1420
525
219
52
5308
1495
578
5632
762
509
1492
1507
1019
743
779
789
809
811
815
817
834
844
858
863
914
925
926
935
942
961
965
967
973
979
983
769
11
54320
1441
446
642
591
27001
678
3985
1444
1989
5977
4008
830
47
400
6105
635
706
32787
32786
66
7005
22273
31416
8403
2550
6579
2901
2456
3811
1319
2930
9160
9161
2898
2134
3146
24554
2472
2418
3485
1709
1302
3749
1592
1713
1566
2806
9287
2300
2584
1324
4022
9909
2150
1791
2124
1282
1691
1210
1569
1316
1620
5502
3787
1228
1708
2086
1677
1703
1715
2984
1299
3919
1792
25000
25001
2326
2987
3856
1240
1331
1209
3497
48619
11000
1276
1339
1318
2372
7099
2623
2280
3023
3936
2908
21201
2850
1207
11001
2622
20001
2269
3798
2031
2583
9343
5969
1261
2438
6888
1806
4447
1340
3062
1683
2882
1799
1239
1622
1194
2435
1808
2532
1981
1307
9995
1632
1305
1598
1321
4601
3118
1711
1264
1858
1735
1268
1101
4007
1262
2449
2997
1306
2250
1745
1912
1730
1694
2889
2101
8401
1118
4442
1811
1200
1297
1291
1243
1251
3636
1303
1645
5250
3803
2888
2728
2270
1330
1736
1607
1250
2439
3281
9020
1584
2700
2580
2330
1327
10018
10019
10035
10042
10045
10064
10093
10238
10245
10246
10255
10280
10338
10347
10357
10387
10414
10443
10494
10509
10529
10535
10550
10551
10552
10553
10554
10555
10556
10565
10567
10601
10602
10699
10754
10842
10852
10878
10900
11003
11007
11019
11026
11031
11032
11033
11089
11100
11180
11200
11224
11250
11288
11296
11401
11552
11697
11735
11813
11862
11863
11940
12019
12031
12034
12077
12080
12090
12096
12097
12132
12137
12146
12156
12171
12192
12225
12240
12243
12251
12271
12275
12296
12340
12414
12699
12702
12766
12891
12892
12955
12962
13017
13093
13130
13132
13140
13142
13149
13167
13188
13192
13193
13194
13229
13250
13261
13264
13265
13306
13318
13340
13359
13502
13580
13695
13723
13730
13766
13784
13846
13899
14147
14218
14237
14254
14418
14443
14444
14534
14545
14693
14733
14827
14891
14916
15005
15050
15145
15190
15191
15275
15317
15344
15448
15550
15631
15645
15646
15670
15677
15722
15730
15758
15915
16048
16270
16273
16283
16286
16297
16349
16372
16464
16723
16724
16725
16797
16845
16901
17016
17017
17070
17089
17129
17251
17255
17409
17413
17700
17701
17702
17715
17801
17802
17860
17867
17969
17985
17997
18012
18015
18080
18148
18231
18336
18337
18380
18439
18505
18517
18569
18669
18874
18887
18910
18962
19010
19130
19200
19201
19353
19403
19464
19501
19612
19634
19715
19852
19995
19996
20011
20017
20021
20032
20039
20052
20076
20080
20085
20089
20102
20106
20111
20118
20125
20127
20147
20179
20180
20223
20224
20225
20226
20227
20228
20280
20473
20734
20883
20934
20940
20990
21011
21078
21473
21631
21634
21728
21891
21915
22022
22063
22100
22177
22200
22223
22290
22341
22563
22711
22719
22727
22769
22882
22959
22969
23017
23040
23219
23228
23270
23296
23342
23382
23430
23451
23723
23887
23953
24218
24392
24416
24552
24616
24999
25174
25260
25262
25288
25327
25445
25473
25486
25703
25717
25847
26001
26007
26340
26417
26669
26972
27015
27016
27055
27074
27075
27087
27204
27316
27350
27351
27372
27521
27537
27770
28114
28142
28374
28567
28717
28850
28851
28924
28967
29045
29152
29243
29507
29810
30087
30195
30299
30519
30599
30644
30659
30705
30896
31033
31058
31072
31339
31386
31438
31522
31657
31728
32006
32022
32031
32088
32102
32200
32219
32260
32261
32764
32765
32788
32789
32790
32797
32798
32799
32807
32814
32815
32820
32837
32842
32858
32868
32869
32871
32888
32897
32898
32904
32905
32908
32910
32911
32932
32944
32960
32961
32976
33000
33011
33017
33070
33087
33124
33175
33192
33200
33203
33277
33327
33335
33337
33367
33395
33444
33522
33523
33550
33604
33605
33841
33879
33882
33889
33895
34021
34036
34096
34189
34317
34341
34381
34401
34507
34510
34683
34728
34765
34783
34833
34875
35033
35050
35116
35131
35217
35272
35349
35392
35393
35401
35506
35553
35593
35731
35879
35900
35901
35906
35929
35986
36046
36104
36105
36256
36275
36368
36436
36508
36530
36552
36659
36677
36694
36710
36748
36823
36824
36914
36950
36962
36983
37121
37151
37174
37185
37218
37393
37522
37607
37614
37647
37674
37777
37789
37855
38029
38194
38205
38224
38270
38313
38331
38358
38446
38481
38546
38561
38570
38761
38764
38780
38805
38936
39067
39117
39265
39293
39380
39433
39482
39489
39630
39732
39763
39774
39795
39869
39883
39895
39917
40001
40002
40003
40005
40011
40306
40393
40400
40457
40489
40513
40614
40628
40712
40732
40754
40812
40834
40951
41123
41142
41250
41281
41318
41342
41345
41348
41398
41442
41551
41632
41773
41808
42001
42035
42127
42158
42251
42276
42322
42449
42452
42559
42560
42575
42590
42632
42675
42679
42685
42735
42906
42990
43002
43018
43027
43103
43139
43143
43212
43231
43242
43425
43654
43690
43734
43823
4384
43868
4388
44004
44101
44119
44200
44380
44410
44431
44479
44505
44541
44616
44628
4464
44704
44711
4471
4476
44965
44981
45038
45050
45136
45164
4516
4517
45220
45226
4530
45413
45438
45463
45602
45624
45697
45777
45864
45960
46034
46069
4606
4609
46115
46171
46182
46310
46372
46418
46436
4644
4649
46593
46813
46992
47012
47029
47119
4712
47197
47267
47348
47372
47448
47567
47581
47595
4760
47634
4767
47700
4770
4771
47777
4778
47850
47858
47860
4793
47966
47969
48009
48067
48083
48127
48153
48167
4819
48356
48434
4859
4860
48631
48648
48682
48783
48813
48925
48966
48967
48973
49002
4903
49048
49132
49166
49169
49170
49172
49173
49179
49189
49190
49191
49196
49197
49201
49202
49203
49204
49211
49213
49216
49228
49232
49235
49241
49275
49302
4931
49352
49372
49398
49452
49498
49500
49519
49520
49521
49522
49597
49603
49678
49751
49762
49765
49803
49927
50016
50019
50040
50101
5016
5017
50189
50198
50202
50205
50224
50246
50258
50277
50356
50513
50529
50545
50576
50577
50585
50692
50733
50787
50809
50815
50831
50833
50834
50835
50836
50849
50854
50887
5088
50903
5090
50945
5095
5096
5098
50997
51011
51020
51037
51067
51118
51139
5121
5122
51233
51234
51235
51240
5125
51300
51343
51351
51366
51423
51460
5147
51484
51485
51488
51515
51582
51658
51771
51772
51800
51809
51906
51909
51961
51965
52000
52001
52002
52003
52025
52046
52071
52173
5219
52225
52226
52230
52237
52262
52391
52477
52506
52573
5259
5261
52665
52675
52893
5291
52948
53085
53178
53189
53212
53240
53319
53361
53370
53460
53469
5347
53491
53633
53639
53656
53690
5370
53742
5377
53782
53827
53852
53910
53958
54075
54101
54127
54235
54263
54276
54321
54323
5441
5442
5444
54514
54551
5457
5458
54605
54658
54688
54722
54741
54873
54907
54987
54991
55000
55183
55187
55227
55312
55350
55382
55400
55426
55479
55527
5552
55556
55568
55569
55579
55635
55652
55684
55721
55758
55773
55781
55901
55907
55910
55948
56016
56055
5611
5612
5620
5621
5622
56259
56293
56507
56535
56591
5665
56668
5667
56681
56723
56725
56810
56822
56827
56973
56975
57020
57103
5711
57123
57325
5732
57335
57347
5734
57350
57352
5737
57387
57398
57479
57576
57678
57681
57702
57730
57733
57891
57896
57923
57928
57988
57999
5804
5806
58072
5808
58107
58109
58164
5817
5820
5821
5824
58252
5826
5827
58305
58310
5831
5834
5836
58374
5838
5839
5840
58430
58446
58456
5845
58468
5848
58498
5849
5852
5853
5854
58562
58570
5858
5860
58610
58622
58634
58699
5871
58721
5874
5875
5878
5881
5887
5888
58908
58970
58991
59087
5908
59107
59122
59149
59160
5917
59191
5920
5921
59239
5923
5924
5926
5927
5931
59340
5934
5936
5939
5945
5948
59499
5949
59504
59509
59510
59525
5953
5954
59565
5958
5966
59684
5971
5974
5975
59778
59810
59829
59841
59987
60000
60002
60003
60055
60086
60111
60177
60227
60243
60279
60377
60401
60403
60485
60492
60504
60544
60579
60612
60621
60628
6067
60713
60728
60743
60753
60782
60783
60789
60794
6090
6091
60989
61159
61169
61170
6120
6126
61402
61473
61516
61616
61617
61669
61722
61734
61827
61851
61942
62006
62042
62080
62188
62312
6250
62519
62570
6259
62674
6273
6274
62866
6309
63105
6310
63156
6323
63423
6349
63675
63803
64080
64127
6412
64320
64438
64507
64551
64726
64727
64890
65048
65311
6535
65488
65514
6606
6644
6647
6650
6709
6710
6725
6734
6780
6877
6897
6920
6922
6942
6956
6972
6973
7033
7043
7067
7068
7072
7092
7102
7104
7119
7184
7218
7231
7451
7456
7553
7555
7600
7637
7654
7685
7688
7771
7772
7780
7788
7813
7830
7852
7853
7854
7895
7975
8014
8018
8023
8029
8037
8064
8092
8110
8133
8144
8245
8248
8255
8268
8273
8295
8308
8339
8409
8451
8452
8453
8454
8455
8477
8479
8484
8515
8530
8531
8539
8562
8601
8621
8640
8644
8655
8658
8673
8680
8736
8752
8756
8772
8790
8798
8801
8843
8865
8878
8879
8882
8887
8898
8925
9004
9013
9037
9044
9061
9065
9125
9128
9130
9133
9170
9183
9351
9364
9454
9464
9478
9493
9513
9527
9583
9613
9619
9620
9648
9654
9661
9665
9674
9679
9680
9683
9745
9777
9812
9814
9823
9825
9826
9830
9844
9901
9908
9910
9912
9915
9919
9971
9975
5055
1707
5423
1317
1559
1290
6065
2991
4545
1924
1558
5020
5021
3479
2391
4599
3996
1954
1182
2335
3656
3513
3997
6628
3425
2070
2847
4113
3980
3975
47806
4689
5672
3839
6379
1153
1800
2325
3825
3948
3506
9950
6350
4112
4087
3879
8474
1116
1835
4534
3904
1560
4401
4119
8060
2304
8202
2265
3103
2080
3915
4065
25565
2712
4418
4192
2203
3946
1179
3415
2302
3992
3989
3991
4376
18333
1150
3683
9700
6503
4101
3414
4415
8999
3014
3681
1958
8025
4325
1871
3669
3388
3505
2734
8880
3830
8116
8470
1167
2567
2598
4135
3374
22350
1190
2812
2262
2261
3823
3577
3190
4665
3365
12865
8445
4300
41794
41795
9667
3742
8954
3637
3793
1973
6113
12005
17500
22125
1173
2606
1279
5721
4302
3868
1825
47624
3334
3663
3362
3876
2375
2376
3831
3882
2253
3937
3310
9131
3949
2224
4602
4121
3263
1635
5234
2087
1315
7101
5114
2291
3621
3728
4369
9616
3982
3983
5152
5233
10101
4039
3622
5013
5015
32767
3210
5912
2425
1807
1901
4745
1144
5235
3519
1191
3956
3057
9005
12009
3530
1211
22128
10020
1162
1136
10500
2988
1722
8232
7501
3908
2371
1125
1188
6324
3439
27017
27018
27019
28017
2069
5023
4999
3952
2313
1156
9084
12002
12001
1918
2062
4800
6077
3486
4100
1176
3602
1143
2082
1336
3603
4029
2551
3419
1638
5052
2691
2531
3899
7071
2957
2958
4328
8900
2115
4058
2081
6085
1701
9592
1752
1861
8282
3586
4877
4342
3672
3913
9333
19333
1184
4056
1204
2463
4190
4558
2804
3837
3311
1249
1883
1134
5722
1180
4120
2197
5252
3503
3847
8003
3515
10007
8005
3795
5137
3363
2096
2095
2706
4118
2902
1615
10115
5012
3812
3520
4407
1196
8980
4687
4700
16900
3842
3890
3901
3902
3167
3680
4454
12121
9628
6619
7789
4090
9210
9211
1135
4161
3443
5723
1308
1157
1159
9990
5014
8472
30001
9021
3089
4025
6161
2558
1314
8471
3658
5133
2505
3967
1753
3200
7628
3396
3911
9022
3961
4374
4713
3928
5433
4356
4357
4358
4355
3850
3599
3790
3799
3532
43000
3806
3765
3002
1712
3813
5053
1195
1699
5005
7400
3291
1605
9400
4010
5557
1128
3964
3368
3962
1215
3430
3935
3319
1208
2271
8883
2083
8052
3712
3860
4570
9875
5554
5553
7500
3897
1750
2631
3483
4174
3670
3979
4881
3102
16161
2292
3922
3796
3788
2187
2711
5066
1911
3526
4158
3080
14001
5814
3909
2973
1221
3930
3923
10006
9911
5111
4016
5201
5202
1975
1976
2142
4912
3943
3600
5475
5473
3121
7300
7320
7325
7345
6251
9694
5580
5581
4024
4375
3906
2436
4020
2644
3240
4876
8201
1223
3653
1823
4414
7998
9979
1168
2148
5070
4433
1927
7121
9300
22555
4206
4220
4234
4262
4294
4297
4298
4243
3280
3652
2312
4035
4036
9202
2723
5985
5986
3511
1565
3810
4141
8006
2340
3940
6115
3220
6010
6015
6021
6030
6052
6055
6062
6063
3817
1229
2104
1413
715
38037
669
758
641
1004
1005
252
728
805
806
859
864
878
918
921
922
924
928
59
606
621
2600
1414
2112
1127
1337
802
12346
740
3999
1525
411
98
5011
754
44334
388
690
6670
6017
786
655
1012
1014
1015
225
659
757
778
790
795
822
823
839
846
905
969
971
2201
6050
3399
3632
1357
782
731
730
729
660
998
6662
1353
1522
257
2903
600
862
3456
602
2025
996
523
1547
610
557
657
1006
1020
732
792
825
840
904
943
674
4333
77
684
2067
1351
220
157
127
1241
7010
1526
1350
748
2011
333
1516
2433
1212
9152
1013
251
980
5520
10083
57
87
3025
223
2628
709
1550
713
55
3299
829
6103
556
1008
5803
7003
6008
210
441
2044
475
250
856
874
931
419
18000
442
1158
447
86
123
27
1270
9992
8118
953
1222
5010
102
540
639
725
803
930
780
1103
913
623
5680
10005
710
4559
2241
2232
701
502
1347
1109
1220
6222
2012
2501
1236
1721
1147
1301
3400
31727
1974
1914
1805
2968
1328
5501
6550
1105
2200
1641
1244
9600
5968
1123
2288
1839
1095
2557
1322
1688
4600
2366
26000
2920
3162
1583
1658
1594
2910
10011
10022
10034
10058
10873
12021
12059
12215
12262
12380
12452
15001
15402
16705
16800
16851
17595
18018
18264
19900
21792
2196
23052
23796
26470
27357
28211
29672
29831
30005
30704
32791
32792
32803
32816
32822
32835
33453
33554
35513
37839
38185
38188
39136
39376
39659
3994
40811
41064
41523
44709
46200
46996
47544
4875
49164
49168
49171
49186
49195
49236
49401
50050
5040
51191
51413
5212
5242
52660
52710
52735
5279
52847
52849
52850
52851
52853
53211
53313
53314
5339
53535
55020
55576
57665
58001
58002
5807
5812
5818
5823
58630
58632
5869
58838
5899
5905
5909
59110
5914
5918
59200
59201
59202
5940
5981
60123
60146
60642
61613
6203
6247
6504
6520
65310
6711
6732
6896
7050
7051
7123
7241
7438
7749
7770
7929
8015
8016
8050
8095
8098
8189
8385
8481
8540
8648
8676
8877
8987
8996
9098
9197
9198
9409
9501
9621
9643
9673
9815
9914
9941
2800
1102
8766
5074
1187
3929
3846
3993
3990
8294
6500
4096
1149
1130
1972
1192
1198
1185
3376
5063
4009
3888
20002
1154
3824
10023
3119
1121
12006
5868
4143
22222
7080
5151
1216
3792
2170
3684
1174
3050
3013
6068
2099
1300
1719
8293
3941
3870
1217
5223
1126
3968
3972
3907
7281
3848
1309
1132
3969
1113
4080
3007
3700
6600
2382
1213
3957
1277
8675
3931
5353
7900
4147
4949
3514
3859
3697
1971
3410
7725
10008
3872
7278
1092
1259
3307
3304
7878
4658
10160
8019
1165
1164
1166
7913
1812
7744
4430
1287
3863
4555
8097
40000
5081
3731
6481
3820
4164
1163
9988
3853
3944
3849
3852
2710
3981
8686
3808
9191
5938
3963
1137
8765
1233
1141
13724
1556
7024
4200
4252
7272
1875
9444
9443
3916
1145
6051
6060
4040
2045
2042
843
783
44442
406
5998
9929
256
31337
2047
2043
1011
683
1455
903
6668
6669
125
481
2013
687
7201
2035
2046
1010
726
911
9103
1461
4125
109
6006
2038
416
4343
1007
7004
2068
1984
44443
259
1434
1417
6009
2041
668
524
301
765
10082
5999
1076
70
4998
1009
722
981
6346
714
417
777
617
2022
4224
2323
1122
3003
1199
1271
7999
9898
8022
4005
4004
6100
4567
10180
10215
12174
12265
14441
15004
16113
17877
18040
18101
19350
25735
26214
27356
30951
32783
32785
40911
41511
44176
44501
49161
49167
49176
50300
50500
52673
52848
54045
54328
5440
55056
5544
56737
57797
5811
5815
5850
5862
5906
5907
5950
5952
60443
6565
6692
6779
6792
6839
7496
7920
7921
8045
8093
8099
8290
9003
9099
9575
9917
4445
5221
3322
3324
16000
7800
4848
1117
1119
5087
8292
1131
3889
3390
10003
1175
3945
1138
6567
3920
1090
1091
8042
3878
2909
9418
3869
4900
3517
7676
5033
3809
3971
3914
8383
3905
6510
1114
1862
3814
3168
1201
5080
4550
3800
5678
9081
6566
5061
2725
2393
2394
5730
8800
10009
9878
6689
8300
8200
1151
3527
11111
7025
4279
2608
9200
3826
3221
6025
801
555
2034
720
667
1443
2106
5560
1533
6007
6547
16080
9111
6699
2638
2048
1600
1084
2111
3006
32780
2040
38292
84
49400
1112
1524
545
4321
5802
700
666
616
32778
2021
32777
1021
32779
9040
9998
1296
1782
3880
4446
2126
4006
10778
15742
16012
18988
19780
24444
27352
27353
27355
32784
3546
49163
49165
49175
50389
50636
51493
55055
56738
5822
5904
5915
5922
61532
61900
7103
7435
7512
8011
8180
8254
8654
9110
9877
9943
9944
1247
5859
2522
3261
1334
4111
9091
62078
3030
3871
5280
1087
2251
10004
1089
8500
1124
5963
3995
19283
19315
1183
2179
1186
3828
3493
7443
3077
3918
5054
7402
3369
3370
3371
3851
5200
1580
3011
2191
8090
1152
5298
3737
8100
9666
458
7007
6502
13722
6106
5405
43
425
749
99
5903
2033
32
5510
898
3372
50002
2998
7002
6003
2020
212
1999
32776
1001
691
89
8402
1082
1079
1072
7777
6389
1272
8400
20000
1070
2492
2119
1310
1077
7778
20222
9500
1106
1107
1061
1063
1100
1840
1687
4449
1093
1081
4003
1108
1075
1094
1947
6788
1057
5414
5030
1169
10012
10024
10025
10566
10616
10617
10621
10626
10628
10629
13456
14442
15003
16016
16018
1783
17988
19101
19801
19842
20031
20221
21571
22939
24800
25734
27715
28201
30718
31038
32781
32782
3301
33899
3404
34571
34572
34573
40193
48080
49158
49159
49160
50003
50006
50800
57294
58080
5810
5825
5877
5925
5959
5960
5961
5962
60020
6129
6156
63331
65129
7106
7625
7911
8222
8649
8994
9011
9220
9290
9485
9502
9503
9968
1104
3323
3325
16001
2100
2160
2260
3551
3659
1078
3211
6123
15660
5633
3784
8333
1073
3351
3300
1096
2381
9618
5910
5911
4126
11110
2607
3998
8086
5718
2875
8873
9002
1148
10002
3017
2399
1045
2135
9080
2811
1718
3801
8181
9900
2144
3580
3827
6901
4129
15002
6580
2718
3031
1098
1099
3367
14000
7741
9010
30000
8087
7627
3766
8600
11967
2190
5988
5989
5987
1046
1085
5222
5269
3071
6969
13783
711
20005
705
987
211
1083
12000
32775
800
2809
7200
900
6101
52822
8291
1088
1086
2525
9009
1097
4242
306
880
2500
1248
4
3005
8007
541
6
2030
2605
30
912
12345
14238
5214
8084
3476
5004
8083
8001
9207
83
901
1666
146
648
163
5679
9101
32773
32774
5102
1501
9876
6005
8888
8899
9071
2222
8088
5566
340
8021
1500
6881
1503
27000
90
6667
49
10243
45100
49999
51103
8085
1863
1864
5431
5500
85
1002
9050
366
5902
13782
1067
4443
1060
1311
20828
23502
33354
35500
52869
55555
55600
64623
64680
65000
65389
8089
8651
8652
8701
9415
1062
1055
8194
1052
3283
32769
5225
5226
16992
16993
9593
9594
1051
9595
6789
2702
8193
8192
1047
6059
4002
2604
5002
5100
161
3333
2602
9535
42
2010
2065
4662
1700
50001
7019
2701
512
1043
5801
2009
5550
2007
8082
7001
32772
32770
992
2008
1717
563
888
7100
222
1068
1023
3052
999
42510
1042
33
2004
264
4444
1034
1218
15000
3260
2006
20
500
407
1111
3269
24
1352
6543
2003
6666
1935
497
464
1037
9001
1035
1036
8002
1074
1022
1234
7938
3268
3
2301
593
1494
10001
5555
50000
1059
1040
1033
32771
2383
1058
787
7937
902
4045
2401
1080
6002
2161
1521
3690
6112
1050
1032
1998
2005
2002
5003
1761
4000
254
280
311
625
1069
1066
7000
1
2601
1038
636
2105
9000
4001
5120
1039
2869
8010
9102
100
5901
1071
1044
1031
3689
808
17
1054
1064
1065
1056
3703
1053
2967
1048
1049
255
1041
8031
19
5050
1801
6004
2103
1024
2107
9090
1030
10010
82
5001
3001
1000
37
119
9100
4899
2717
1755
873
1028
49157
6646
5051
9
1029
13
3986
1900
5432
3000
5190
7070
5009
9999
444
3128
8009
389
7
144
544
543
49156
427
5357
990
513
6000
49155
1110
2121
106
5800
79
88
2049
8081
49153
631
5631
5000
646
5666
1027
49154
8008
515
2001
49152
1433
26
554
32768
8000
8443
2000
1026
179
5060
514
10000
6001
81
113
548
465
1720
199
587
1025
5900
993
995
111
1723
8080
3306
135
53
6379
143
139
445
110
3389
25
22
21
443
23
80
